mtllib material.mtl
usemtl material_0
v 0.00937900 0.01000000 -0.02011300
v 0.00937900 0.01000000 -0.02011300
v 0.00937900 0.01000000 -0.02011300
v -0.00032100 -0.01000000 0.04500000
v -0.00032100 -0.01000000 0.04500000
v -0.00032100 -0.01000000 0.04500000
v 0.03426600 0.01000000 -0.02917100
v 0.03426600 0.01000000 -0.02917100
v 0.03426600 0.01000000 -0.02917100
v -0.02917100 -0.01000000 -0.03426600
v -0.02917100 -0.01000000 -0.03426600
v -0.02917100 -0.01000000 -0.03426600
v -0.02011300 0.01000000 -0.00937900
v -0.02011300 0.01000000 -0.00937900
v -0.02011300 0.01000000 -0.00937900
v 0.00937900 -0.01000000 -0.02011300
v 0.00937900 -0.01000000 -0.02011300
v 0.00937900 -0.01000000 -0.02011300
v 0.03426600 -0.01000000 -0.02917100
v 0.03426600 -0.01000000 -0.02917100
v 0.03426600 -0.01000000 -0.02917100
v 0.04500000 -0.01000000 0.00032100
v 0.04500000 -0.01000000 0.00032100
v 0.04500000 -0.01000000 0.00032100
v -0.00937900 -0.01000000 0.02011300
v -0.00937900 -0.01000000 0.02011300
v -0.00937900 -0.01000000 0.02011300
v 0.02011300 0.01000000 0.00937900
v 0.02011300 0.01000000 0.00937900
v 0.02011300 0.01000000 0.00937900
v -0.02917100 0.01000000 -0.03426600
v -0.02917100 0.01000000 -0.03426600
v -0.02917100 0.01000000 -0.03426600
v 0.00032100 0.01000000 -0.04500000
v 0.00032100 0.01000000 -0.04500000
v 0.00032100 0.01000000 -0.04500000
v -0.02011300 -0.01000000 -0.00937900
v -0.02011300 -0.01000000 -0.00937900
v -0.02011300 -0.01000000 -0.00937900
v -0.03426600 -0.01000000 0.02917100
v -0.03426600 -0.01000000 0.02917100
v -0.03426600 -0.01000000 0.02917100
v -0.03426600 0.01000000 0.02917100
v -0.03426600 0.01000000 0.02917100
v -0.03426600 0.01000000 0.02917100
v -0.00032100 0.01000000 0.04500000
v -0.00032100 0.01000000 0.04500000
v -0.00032100 0.01000000 0.04500000
v 0.02917100 0.01000000 0.03426600
v 0.02917100 0.01000000 0.03426600
v 0.02917100 0.01000000 0.03426600
v 0.02917100 -0.01000000 0.03426600
v 0.02917100 -0.01000000 0.03426600
v 0.02917100 -0.01000000 0.03426600
v 0.04500000 0.01000000 0.00032100
v 0.04500000 0.01000000 0.00032100
v 0.04500000 0.01000000 0.00032100
v 0.00032100 -0.01000000 -0.04500000
v 0.00032100 -0.01000000 -0.04500000
v 0.00032100 -0.01000000 -0.04500000
v -0.04500000 -0.01000000 -0.00032100
v -0.04500000 -0.01000000 -0.00032100
v -0.04500000 -0.01000000 -0.00032100
v -0.04500000 0.01000000 -0.00032100
v -0.04500000 0.01000000 -0.00032100
v -0.04500000 0.01000000 -0.00032100
v -0.00937900 0.01000000 0.02011300
v -0.00937900 0.01000000 0.02011300
v -0.00937900 0.01000000 0.02011300
v 0.02917100 -0.00075200 0.03426600
v 0.02917100 -0.00075200 0.03426600
v 0.02011300 -0.01000000 0.00937900
v 0.02011300 -0.01000000 0.00937900
v 0.02011300 -0.01000000 0.00937900
vn 0.93970000 -0.00000000 -0.34200000
vn -0.00000000 1.00000000 -0.00000000
vn -0.34200000 -0.00000000 -0.93970000
vn -0.00000000 -1.00000000 -0.00000000
vn 0.34200000 -0.00000000 0.93970000
vn -0.93970000 -0.00000000 0.34200000
vn 0.93970000 -0.00000000 -0.34200000
vn -0.00000000 1.00000000 -0.00000000
vn -0.34200000 -0.00000000 -0.93970000
vn -0.34200000 -0.00000000 -0.93970000
vn -0.93970000 -0.00000000 0.34200000
vn -0.00000000 -1.00000000 -0.00000000
vn -0.00000000 1.00000000 -0.00000000
vn -0.34200000 -0.00000000 -0.93970000
vn -0.93970000 -0.00000000 0.34200000
vn 0.93970000 -0.00000000 -0.34200000
vn -0.00000000 -1.00000000 -0.00000000
vn -0.34200000 -0.00000000 -0.93970000
vn -0.34200000 -0.00000000 -0.93970000
vn 0.93970000 -0.00000000 -0.34200000
vn -0.00000000 -1.00000000 -0.00000000
vn -0.00000000 -1.00000000 -0.00000000
vn 0.34200000 -0.00000000 0.93970000
vn 0.93970000 -0.00000000 -0.34200000
vn -0.00000000 -1.00000000 -0.00000000
vn 0.34200000 -0.00000000 0.93970000
vn -0.93970000 -0.00000000 0.34200000
vn 0.93970000 -0.00000000 -0.34200000
vn 0.34200000 -0.00000000 0.93970000
vn -0.00000000 1.00000000 -0.00000000
vn -0.00000000 1.00000000 -0.00000000
vn -0.93970000 -0.00000000 0.34200000
vn -0.34200000 -0.00000000 -0.93970000
vn -0.34200000 -0.00000000 -0.93970000
vn 0.93970000 -0.00000000 -0.34200000
vn -0.00000000 1.00000000 -0.00000000
vn -0.34200000 -0.00000000 -0.93970000
vn -0.93970000 -0.00000000 0.34200000
vn -0.00000000 -1.00000000 -0.00000000
vn 0.34200000 -0.00000000 0.93970000
vn -0.93970000 -0.00000000 0.34200000
vn -0.00000000 -1.00000000 -0.00000000
vn -0.00000000 1.00000000 -0.00000000
vn -0.93970000 -0.00000000 0.34200000
vn 0.34200000 -0.00000000 0.93970000
vn -0.93970000 -0.00000000 0.34200000
vn -0.00000000 1.00000000 -0.00000000
vn 0.34200000 -0.00000000 0.93970000
vn 0.34200000 -0.00000000 0.93970000
vn -0.00000000 1.00000000 -0.00000000
vn 0.93970000 -0.00000000 -0.34200000
vn 0.34200000 -0.00000000 0.93970000
vn 0.93970000 -0.00000000 -0.34200000
vn -0.00000000 -1.00000000 -0.00000000
vn 0.34200000 -0.00000000 0.93970000
vn -0.00000000 1.00000000 -0.00000000
vn 0.93970000 -0.00000000 -0.34200000
vn -0.00000000 -1.00000000 -0.00000000
vn -0.34200000 -0.00000000 -0.93970000
vn 0.93970000 -0.00000000 -0.34200000
vn -0.00000000 -1.00000000 -0.00000000
vn -0.34200000 -0.00000000 -0.93970000
vn -0.93970000 -0.00000000 0.34200000
vn -0.34200000 -0.00000000 -0.93970000
vn -0.93970000 -0.00000000 0.34200000
vn -0.00000000 1.00000000 -0.00000000
vn -0.93970000 -0.00000000 0.34200000
vn 0.34200000 -0.00000000 0.93970000
vn -0.00000000 1.00000000 -0.00000000
vn 0.93970000 -0.00000000 -0.34200000
vn 0.34200000 -0.00000000 0.93970000
vn 0.34200000 -0.00000000 0.93970000
vn 0.93970000 -0.00000000 -0.34200000
vn -0.00000000 -1.00000000 -0.00000000
vt 0.63513900 0.59412700
vt 0.33503500 0.28797100
vt 0.52980300 0.56571000
vt 0.26098600 0.15125900
vt 0.13633300 0.61618000
vt 0.66105500 0.28940300
vt 0.81574200 0.48028000
vt 0.30331300 0.25625000
vt 0.49305600 0.56571000
vt 0.17573600 0.75354200
vt 0.75798600 0.29395800
vt 0.40384700 0.14876500
vt 0.37262600 0.32556200
vt 0.47411100 0.68884900
vt 0.79473400 0.38555700
vt 0.63513900 0.50252800
vt 0.35992100 0.20270200
vt 0.52980300 0.47411100
vt 0.49305600 0.47411100
vt 0.81574200 0.38868100
vt 0.36070400 0.24755500
vt 0.30755000 0.24848300
vt 0.78893000 0.78669500
vt 0.77219500 0.38868100
vt 0.30584000 0.15047600
vt 0.52980300 0.36991700
vt 0.61619500 0.28940300
vt 0.66241400 0.47572400
vt 0.74407000 0.87829400
vt 0.29744300 0.32556200
vt 0.40434700 0.29384100
vt 0.75798600 0.38555700
vt 0.26733500 0.75354200
vt 0.26733500 0.79709000
vt 0.68000000 0.59412700
vt 0.36675600 0.25625000
vt 0.47411100 0.59725000
vt 0.79473400 0.29395800
vt 0.35899400 0.14954800
vt 0.49305600 0.36991700
vt 0.46625200 0.75920100
vt 0.30505700 0.10562200
vt 0.36675600 0.39487500
vt 0.37465300 0.75920100
vt 0.49305600 0.46151600
vt 0.66105500 0.38100200
vt 0.30331300 0.39487500
vt 0.13633300 0.70777900
vt 0.17988100 0.70777900
vt 0.26572200 0.35728300
vt 0.62566700 0.47572400
vt 0.17988100 0.61618000
vt 0.62566700 0.38412500
vt 0.26191400 0.20441300
vt 0.78893000 0.87829400
vt 0.26572200 0.29384100
vt 0.77219500 0.48028000
vt 0.40477500 0.20191900
vt 0.17573600 0.79709000
vt 0.68000000 0.50252800
vt 0.35821100 0.10469400
vt 0.51897200 0.59725000
vt 0.46625200 0.71565300
vt 0.51897200 0.68884900
vt 0.37465300 0.71565300
vt 0.40434700 0.35728300
vt 0.61619500 0.38100200
vt 0.52980300 0.46151600
vt 0.33503500 0.36315400
vt 0.62640500 0.42992500
vt 0.17735100 0.65729700
vt 0.74407000 0.78669500
vt 0.66241400 0.38412500
vt 0.30676700 0.20363000
f 19/19/19 18/18/18 3/3/3
f 9/9/9 19/19/19 3/3/3
f 1/1/1 60/60/60 35/35/35
f 33/33/33 34/34/34 59/59/59
f 11/11/11 38/38/38 32/32/32
f 62/62/62 64/64/64 37/37/37
f 14/14/14 37/37/37 64/64/64
f 63/63/63 41/41/41 44/44/44
f 26/26/26 68/68/68 40/40/40
f 68/68/68 45/45/45 40/40/40
f 2/2/2 30/30/30 56/56/56
f 56/56/56 8/8/8 2/2/2
f 13/13/13 66/66/66 69/69/69
f 69/69/69 66/66/66 43/43/43
f 30/30/30 13/13/13 69/69/69
f 13/13/13 36/36/36 31/31/31
f 69/69/69 47/47/47 50/50/50
f 30/30/30 69/69/69 50/50/50
f 36/36/36 13/13/13 2/2/2
f 30/30/30 2/2/2 13/13/13
f 20/20/20 57/57/57 24/24/24
f 7/7/7 57/57/57 20/20/20
f 10/10/10 33/33/33 59/59/59
f 32/32/32 38/38/38 15/15/15
f 48/48/48 5/5/5 49/49/49
f 5/5/5 52/52/52 71/71/71
f 5/5/5 71/71/71 49/49/49
f 53/53/53 73/73/73 70/70/70
f 55/55/55 29/29/29 23/23/23
f 23/23/23 29/29/29 72/72/72
f 16/16/16 60/60/60 1/1/1
f 44/44/44 65/65/65 63/63/63
f 27/27/27 6/6/6 46/46/46
f 46/46/46 67/67/67 27/27/27
f 28/28/28 70/70/70 73/73/73
f 28/28/28 51/51/51 70/70/70
f 4/4/4 25/25/25 74/74/74
f 39/39/39 12/12/12 17/17/17
f 58/58/58 17/17/17 12/12/12
f 74/74/74 54/54/54 4/4/4
f 61/61/61 39/39/39 25/25/25
f 17/17/17 21/21/21 74/74/74
f 74/74/74 25/25/25 39/39/39
f 25/25/25 42/42/42 61/61/61
f 39/39/39 17/17/17 74/74/74
f 74/74/74 21/21/21 22/22/22

